13157.333
131674148.
13117.14510
136666510
2221220.10
.91717171819
11100.21
13157.333
131674148.
13117.14510
136666510
2221220.10
.91717171819
11100.21
13157333.
131674148.
13117.14510
136666510
2221220.10
.91717171819
11100.21
13157333.
131674148.
13117.14.10
136666510
2221220510
.91717171819
11100.21
13157333.
131674148.
13117.14.10
136666510
2221220510
9.1717171819
11100.21
1315733310
13167414810
13117.14.10
1366665.
22212205.
9.1717171819
11100.21
1315733310
13167414810
13117.14.10
1366665.
22212205.
9.1717171819
11100.21
No solution was found.
